{
    "model_0": 0.6735294117647059,
    "model_10": 0.7043740573152338,
    "model_12": 0.6844444444444444,
    "model_14": 0.6874074074074074,
    "model_16": 0.6844444444444444,
    "model_2": 0.6835066864784547,
    "model_4": 0.6875,
    "model_6": 0.6804733727810651,
    "model_8": 0.6869436201780416
}