{
    "model_0": 36.0,
    "model_10": 40.00000000000001,
    "model_12": 28.000000000000004,
    "model_14": 56.0,
    "model_16": 32.00000000000001,
    "model_2": 59.99999999999999,
    "model_4": 35.99999999999999,
    "model_6": 68.0,
    "model_8": 40.00000000000001
}