{
    "model_0": 6.0,
    "model_10": 6.324555320336759,
    "model_12": 5.291502622129181,
    "model_14": 7.483314773547883,
    "model_16": 5.656854249492381,
    "model_2": 7.745966692414833,
    "model_4": 5.999999999999999,
    "model_6": 8.246211251235321,
    "model_8": 6.324555320336759
}