{
    "model_0": -1.7625839710235596,
    "model_10": -9.598054885864258,
    "model_12": -7.223934173583984,
    "model_14": -12.578783988952637,
    "model_16": -13.671843528747559,
    "model_2": -4.622766494750977,
    "model_4": -5.970955848693848,
    "model_6": -3.8679027557373047,
    "model_8": -8.148758888244629
}