{
    "model_0": 0.9917059350273765,
    "model_10": 0.9904980270109047,
    "model_12": 0.9919650458386383,
    "model_14": 0.9911847299953945,
    "model_16": 0.9915739900641902,
    "model_2": 0.9903900529520213,
    "model_4": 0.9912897231953364,
    "model_6": 0.9907040651297933,
    "model_8": 0.9915574532326656
}