{
    "model_0": 450.33017431352494,
    "model_10": 407.03342237869344,
    "model_12": 432.5375729590763,
    "model_14": 425.1436688952649,
    "model_16": 426.34227918492684,
    "model_2": 414.2385357406047,
    "model_4": 414.65013232724255,
    "model_6": 434.0290530902216,
    "model_8": 428.4433455650537
}