{
    "model_0": 37.472222222222214,
    "model_10": 30.95,
    "model_12": 45.071428571428555,
    "model_14": 22.16071428571428,
    "model_16": 38.96875,
    "model_2": 20.233333333333334,
    "model_4": 33.72222222222223,
    "model_6": 19.0,
    "model_8": 31.475
}