{
    "model_148": 4.4973103034286135,
    "model_149": 4.490268418025301,
    "model_150": 4.506121677143691,
    "model_151": 4.502062272901784,
    "model_152": 4.581998820280099,
    "model_153": 4.583110036319789,
    "model_154": 4.711825715188309,
    "model_155": 4.711249192637388,
    "model_156": 4.530814404388006,
    "model_157": 4.534306874175887,
    "model_158": 4.538572206353528,
    "model_159": 4.555155682600122,
    "model_20": 4.5036327039509665,
    "model_21": 4.507658228226119,
    "model_212": 4.486619664695695,
    "model_213": 4.491208654930992,
    "model_214": 4.49947092886141,
    "model_215": 4.502939961852103,
    "model_216": 4.571971939109848,
    "model_217": 4.565169501030598,
    "model_218": 4.683689713264902,
    "model_219": 4.699058724788905,
    "model_22": 4.5001652989090974,
    "model_220": 4.50786302130816,
    "model_221": 4.5050673175691305,
    "model_222": 4.486991004833526,
    "model_223": 4.495407049586842,
    "model_23": 4.512733017485403,
    "model_24": 4.619079346804202,
    "model_25": 4.625666170616414,
    "model_26": 4.703541895263306,
    "model_27": 4.721120255171404,
    "model_28": 4.5344678543113615,
    "model_29": 4.531025570445282,
    "model_30": 4.5357350073026765,
    "model_31": 4.536664258603955,
    "model_532": 4.489003886209188,
    "model_533": 4.488159421050935,
    "model_534": 4.486528540519445,
    "model_535": 4.504900860122058,
    "model_536": 4.689489451150863,
    "model_537": 4.691629750792853,
    "model_538": 4.712617341598025,
    "model_539": 4.8026373382653365,
    "model_540": 4.508153963759217,
    "model_541": 4.519434641281351,
    "model_542": 4.518316667758535,
    "model_543": 4.52569943019957,
    "model_596": 4.48108836306387,
    "model_597": 4.47038102223971,
    "model_598": 4.477179989923404,
    "model_599": 4.484627951353647,
    "model_600": 4.631942012474366,
    "model_601": 4.642310577700364,
    "model_602": 4.7914907696507,
    "model_603": 4.817052434978267,
    "model_604": 4.487591302181052,
    "model_605": 4.464758930177523,
    "model_606": 4.489913588561489,
    "model_607": 4.483625323904806,
    "model_660": 4.487764729316886,
    "model_661": 4.4878558804615185,
    "model_662": 4.516369633607153,
    "model_663": 4.50363870993974,
    "model_664": 4.552969170611949,
    "model_665": 4.702749441209846,
    "model_666": 4.740029338060032,
    "model_667": 4.8079431447789,
    "model_668": 4.512415477118295,
    "model_669": 4.5073477157445,
    "model_670": 4.519026392465284,
    "model_671": 4.516159570593416,
    "model_724": 4.458921892963084,
    "model_725": 4.4682156454409405,
    "model_726": 4.47261268830832,
    "model_727": 4.476543942710738,
    "model_728": 4.53568739944396,
    "model_729": 4.567897853262315,
    "model_730": 4.747777455001159,
    "model_731": 4.8201863284042,
    "model_732": 4.468429570363628,
    "model_733": 4.485058327704031,
    "model_734": 4.478001608915073,
    "model_735": 4.503506165334658,
    "model_84": 4.49357035932628,
    "model_85": 4.496863179830195,
    "model_86": 4.497999802459048,
    "model_87": 4.497646169969249,
    "model_88": 4.641918886113332,
    "model_89": 4.636099412980607,
    "model_90": 4.696595434967183,
    "model_91": 4.674939174012759,
    "model_92": 4.499120644894349,
    "model_93": 4.493643064654204,
    "model_94": 4.487706227219074,
    "model_95": 4.4898628366678235
}