{
    "model_1000": 6.060898282178268,
    "model_1001": 5.855655943695039,
    "model_1002": 6.165642337614414,
    "model_1003": 5.774896780265227,
    "model_1004": 6.440346323069677,
    "model_1005": 5.922976186411959,
    "model_1006": 5.47628288901095,
    "model_1007": 6.239050723764918,
    "model_1008": 5.457347426274479,
    "model_1009": 6.011013560939945,
    "model_1010": 6.107752919828291,
    "model_1011": 6.489491392708159,
    "model_239": 6.681619590136389,
    "model_240": 6.837823868595203,
    "model_241": 6.346103023563677,
    "model_242": 6.6661238145434725,
    "model_243": 7.270790505226066,
    "model_244": 7.320407931339987,
    "model_245": 6.167483520052389,
    "model_246": 6.479414286533263,
    "model_247": 6.177239185378249,
    "model_248": 6.292203765103168,
    "model_249": 6.3383781791670275,
    "model_250": 6.572200794160987,
    "model_251": 6.665543978824046,
    "model_252": 6.82523000852871,
    "model_253": 5.986241858379835,
    "model_254": 6.643294100366145,
    "model_255": 7.255436832695691,
    "model_256": 7.1068508602951725,
    "model_612": 5.579051884034067,
    "model_613": 5.582414338891342,
    "model_614": 5.234377918856892,
    "model_615": 5.51705619246273,
    "model_616": 5.973114229845918,
    "model_617": 5.731058931177024,
    "model_618": 5.201530947857869,
    "model_619": 5.178477368855913,
    "model_620": 5.275871378502008,
    "model_621": 5.137381198051156,
    "model_622": 5.147695628882699,
    "model_623": 5.223244274992821,
    "model_624": 5.298014060777953,
    "model_625": 5.5227118612336685,
    "model_626": 5.266760616706255,
    "model_627": 5.401392357896263,
    "model_628": 5.424281775121309,
    "model_629": 5.648762719843562,
    "model_994": 6.113407937915214,
    "model_995": 6.2046572559105835,
    "model_996": 5.5789404800327285,
    "model_997": 6.059914068361496,
    "model_998": 6.4793170152640664,
    "model_999": 6.519138719204356
}