{
    "model_148": 0.005862616075765922,
    "model_149": 0.005382699851583891,
    "model_150": 0.006551273787660383,
    "model_151": 0.005618734770667382,
    "model_152": 0.005313139665909878,
    "model_153": 0.005775714846521202,
    "model_154": 0.005458357927044207,
    "model_155": 0.008431229646014624,
    "model_156": 0.004958674261003233,
    "model_157": 0.003409506165492356,
    "model_158": 0.009537331838018892,
    "model_159": 0.004274260791065283,
    "model_20": 0.005313649233985514,
    "model_21": 0.006059954081534617,
    "model_212": 0.005172244412010755,
    "model_213": 0.005431111797323778,
    "model_214": 0.004953682520002141,
    "model_215": 0.0064013815280942995,
    "model_216": 0.0039325625949322325,
    "model_217": 0.004668107895846934,
    "model_218": 0.005329368521292373,
    "model_219": 0.0060386079199791975,
    "model_22": 0.006241776083166718,
    "model_220": 0.003950724711714975,
    "model_221": 0.003945795662493809,
    "model_222": 0.0044072861056360995,
    "model_223": 0.006185541901924637,
    "model_23": 0.006591691485119056,
    "model_24": 0.007026328239491435,
    "model_25": 0.0079980838910126,
    "model_26": 0.006132820085065829,
    "model_27": 0.006940612205310606,
    "model_28": 0.004341141446419353,
    "model_29": 0.003977586669931547,
    "model_30": 0.007294078508989096,
    "model_31": 0.005382556592704857,
    "model_532": 0.005738131015747879,
    "model_533": 0.00441849506458358,
    "model_534": 0.005130682092436036,
    "model_535": 0.004551923397013166,
    "model_536": 0.006025313945140459,
    "model_537": 0.007473517606099333,
    "model_538": 0.0056329716907339775,
    "model_539": 0.009950215166248728,
    "model_540": 0.00410061919396542,
    "model_541": 0.006370339547323551,
    "model_542": 0.006580781302721171,
    "model_543": 0.006365358669178567,
    "model_596": 0.0045887238148922815,
    "model_597": 0.005043746093811875,
    "model_598": 0.004336899191408208,
    "model_599": 0.0047145328760127055,
    "model_600": 0.00510717686796546,
    "model_601": 0.005624201127954248,
    "model_602": 0.007469588818303319,
    "model_603": 0.00792820017952951,
    "model_604": 0.004682513073889245,
    "model_605": 0.0046864099907890505,
    "model_606": 0.003975792477391757,
    "model_607": 0.005583518676531319,
    "model_660": 0.004859871098517793,
    "model_661": 0.005813668043883676,
    "model_662": 0.00584808252039209,
    "model_663": 0.0035842926348266455,
    "model_664": 0.006955638865455274,
    "model_665": 0.004559770948344042,
    "model_666": 0.0065686961456111375,
    "model_667": 0.008566213871299412,
    "model_668": 0.005276699875037717,
    "model_669": 0.004232166294498272,
    "model_670": 0.005484530685815014,
    "model_671": 0.006663462712071958,
    "model_724": 0.003246307361115035,
    "model_725": 0.004775292332179319,
    "model_726": 0.004468371439989305,
    "model_727": 0.005529847748551745,
    "model_728": 0.005558031341261867,
    "model_729": 0.004991937999732351,
    "model_730": 0.0044526668836467635,
    "model_731": 0.006067857391495711,
    "model_732": 0.005427310735280518,
    "model_733": 0.004129461772408483,
    "model_734": 0.0038340573667657025,
    "model_735": 0.003925989082226869,
    "model_84": 0.003627630785799164,
    "model_85": 0.006311975161922596,
    "model_86": 0.005180621167706876,
    "model_87": 0.006901336181886678,
    "model_88": 0.004895444271463513,
    "model_89": 0.005891503800561555,
    "model_90": 0.005967076911293553,
    "model_91": 0.006638427238971114,
    "model_92": 0.004193846223142159,
    "model_93": 0.0036483746501951185,
    "model_94": 0.004589367955660366,
    "model_95": 0.0036433501712313226
}