{
    "model_1000": 0.017161694552296016,
    "model_1001": 0.0038881464413305774,
    "model_1002": 0.01867802936045033,
    "model_1003": 0.00309068047247735,
    "model_1004": 0.028912135463846574,
    "model_1005": 0.0030981939444505863,
    "model_1006": 0.001635634348101522,
    "model_1007": 0.0037918695060963556,
    "model_1008": 0.0014724608699049214,
    "model_1009": 0.0029025394828188864,
    "model_1010": 0.0048315165370708775,
    "model_1011": 0.006270167314349153,
    "model_239": 0.00422173006812505,
    "model_240": 0.006136156300633156,
    "model_241": 0.0031314129058291657,
    "model_242": 0.003524646151065209,
    "model_243": 0.008776114428522028,
    "model_244": 0.009904423118916482,
    "model_245": 0.025083872463508138,
    "model_246": 0.004924815907776968,
    "model_247": 0.02654311928777828,
    "model_248": 0.004486554406393539,
    "model_249": 0.05871679284986324,
    "model_250": 0.004624851895183145,
    "model_251": 0.008403271921519247,
    "model_252": 0.007281905134853676,
    "model_253": 0.0051983474791122706,
    "model_254": 0.006030701341784638,
    "model_255": 0.015466093762400676,
    "model_256": 0.017727387031313588,
    "model_612": 0.0006803120384266383,
    "model_613": 0.0010362929339724737,
    "model_614": 0.0011541198455874832,
    "model_615": 0.0007418859636503342,
    "model_616": 0.0006397471950696444,
    "model_617": 0.0015917270147886027,
    "model_618": 0.0029095054891622937,
    "model_619": 0.0008249225895955705,
    "model_620": 0.0029131095221512217,
    "model_621": 0.0006908795725557309,
    "model_622": 0.0029792774924304994,
    "model_623": 0.0012036765587992654,
    "model_624": 0.0009376618220031932,
    "model_625": 0.00045723180913489353,
    "model_626": "EXCEEDED",
    "model_627": "EXCEEDED",
    "model_628": "EXCEEDED",
    "model_629": "EXCEEDED",
    "model_994": "EXCEEDED",
    "model_995": "EXCEEDED",
    "model_996": "EXCEEDED",
    "model_997": "EXCEEDED",
    "model_998": "EXCEEDED",
    "model_999": "EXCEEDED"
}