{
    "model_0": 0.00926184716512241,
    "model_10": 0.012644626236821922,
    "model_12": 0.011842850358431837,
    "model_14": 0.015545589292514548,
    "model_16": 0.012063206625431422,
    "model_2": 0.015839417755251876,
    "model_4": 0.012500728938049184,
    "model_6": 0.015341079800305805,
    "model_8": 0.011996956314576843
}