{
    "model_0": 304.2132034355965,
    "model_10": 273.9584033769286,
    "model_12": 292.5057321754804,
    "model_14": 288.8503395562303,
    "model_16": 288.3341593002266,
    "model_2": 282.3421936400884,
    "model_4": 278.47629492395754,
    "model_6": 292.685339390596,
    "model_8": 288.7483728625997
}