{
    "model_0": 0.10800000429153445,
    "model_10": 0.01399999260902407,
    "model_12": 0.021999996900558427,
    "model_14": 0.01199999451637268,
    "model_16": 0.0,
    "model_2": 0.07000000476837154,
    "model_4": 0.030000001192092896,
    "model_6": 0.05400000214576717,
    "model_8": 0.024000000953674272
}