task_task1_v4_score: 0.027779373172
task_average_score: 0.000000000000
Duration: 0
